3
4
10546 5982
3561 5169
13597 7576
12486 1344
9209 5331 -403 -359 221 1
7400 3782 -86 -58 217 1
2529 5410 -135 -72 292 2
1775 4758 -254 61 61 2
8654 4842 -471 -415 221 1
7314 3724 -73 -49 217 1
2446 5277 -70 -112 310 2
1580 4873 -165 98 43 2
8029 4299 -530 -461 220 1
7241 3675 -62 -41 217 1
2444 5123 -1 -130 328 2
1488 5004 -78 111 25 2
7834 4094 -27 -67 218 1
6687 3254 -609 -464 217 1
2521 4974 65 -126 346 2
1488 5132 0 108 12 2
7646 3909 -160 -157 216 1
6078 2790 -517 -394 217 1
2666 4854 123 -101 4 2
1566 5256 66 105 11 2
