3
4
10546 5982
3561 5169
13597 7576
12486 1344
10488 6479 0 0 -1 1
10604 5485 0 0 -1 1
10373 7472 0 0 -1 1
10719 4492 0 0 -1 1
6350 2880 -454 -347 215 1
4749 1779 -317 -240 217 1
3401 4703 244 -16 15 2
2161 5606 211 96 10 2
5731 2420 -525 -391 215 1
4432 1539 -269 -204 217 1
3722 4709 272 4 16 2
2451 5716 246 93 10 2
5040 1917 -586 -427 214 1
4163 1335 -228 -173 217 1
4071 4735 296 22 16 2
2776 5822 276 90 9 2
4611 1591 -185 -159 214 1
3612 951 -648 -444 217 1
4444 4780 316 38 17 2
3131 5925 301 87 9 2
4258 1324 -300 -226 213 1
2964 507 -550 -377 217 1
4837 4841 333 52 17 2
3511 6024 323 84 9 2
