in: 3
in: 6
in: 14116 7773
in: 13871 1220
in: 10220 4940
in: 6087 2213
in: 3033 5166
in: 6285 7737
in: 13616 7792 0 0 -1 1
in: 14616 7754 0 0 -1 1
in: 12617 7829 0 0 -1 1
in: 15615 7717 0 0 -1 1
out: 14643 2899 76 76 PILOT1-CORRECTED
out: 15019 2770 67 67 PILOT1-CORRECTED
in: 13632 7718 13 -63 282 1
in: 14621 7687 4 -56 275 1
in: 12632 7750 12 -66 281 1
in: 15594 7640 -17 -65 255 1
out: 14146 5271 200 200 PILOT1-CORRECTED
out: 14838 5196 200 200 PILOT1-CORRECTED
in: 13686 7459 45 -219 282 1
in: 14642 7432 18 -216 275 1
in: 12659 7605 22 -122 281 1
in: 15556 7498 -32 -120 255 1
out: 14173 5007 200 200 PILOT1-CORRECTED
out: 14795 4936 200 200 PILOT1-CORRECTED
in: 13770 7044 71 -352 281 1
in: 14672 7016 25 -353 274 1
in: 12696 7404 31 -170 281 1
in: 15503 7301 -44 -167 255 1
out: 14217 4584 200 200 PILOT1-CORRECTED
out: 14798 4519 200 200 PILOT1-CORRECTED
in: 13877 6495 90 -466 280 1
in: 14707 6463 29 -469 273 1
in: 12742 7155 39 -211 281 1
in: 15438 7057 -55 -207 255 1
out: 14269 4025 200 200 PILOT1-CORRECTED
out: 14767 3963 200 200 PILOT1-CORRECTED
in: 13892 5836 -35 -558 279 1
in: 14847 5790 167 -574 271 1
in: 12796 6865 45 -246 281 1
in: 15362 6773 -64 -241 255 1
out: 14026 3331 200 200 PILOT0-CORRECTED
out: 13104 3301 200 200 PILOT0-CORRECTED
in: 13868 5078 -20 -644 273 1
in: 14957 5024 93 -650 253 1
in: 12856 6540 50 -275 281 1
in: 15277 6455 -72 -270 255 1
out: 13949 2577 200 200 PILOT0-CORRECTED
out: 13230 2691 200 200 PILOT0-CORRECTED
in: 13854 4234 -11 -717 272 1
in: 14936 4209 -17 -692 235 1
in: 12921 6186 55 -300 281 1
in: 15184 6108 -78 -295 255 1
out: 13921 1734 200 200 PILOT0-CORRECTED
out: 13319 1998 200 200 PILOT0-CORRECTED
in: 13848 3317 -4 -779 272 1
in: 14801 3356 -114 -725 234 1
in: 12991 5807 59 -321 281 1
in: 15085 5736 -83 -316 255 1
out: 13916 817 200 200 PILOT0-CORRECTED
out: 13193 1241 200 200 PILOT0-CORRECTED
in: 13775 2328 -193 -857 272 1
in: 14640 2481 -4 -726 233 1
in: 13065 5407 62 -339 281 1
in: 14981 5343 -88 -334 255 1
out: 10295 7727 200 200 SKIP-CORRECTED
out: 12050 712 200 200 PILOT0-CORRECTED
in: 13525 1279 -212 -891 254 2
in: 14472 1641 -143 -714 215 1
in: 13142 4989 65 -354 281 1
in: 14872 4932 -92 -349 255 1
out: 10753 7422 60 60 PILOT0-CORRECTED
out: 11013 7157 200 200 SKIP-CORRECTED
in: 13279 339 -209 -799 236 2
in: 14137 869 -284 -655 197 2
in: 13222 4556 68 -367 281 1
in: 14759 4506 -95 -362 255 1
out: 12260 7477 60 60 PILOT1-CORRECTED
out: 12646 7501 76 76 PILOT1-CORRECTED
in: 13022 -497 -218 -710 218 2
in: 13777 216 -305 -555 179 2
in: 13305 4110 70 -378 281 1
in: 14643 4067 -98 -373 255 1
out: 12629 6764 60 60 PILOT1-CORRECTED
out: 13053 7020 90 90 PILOT1-CORRECTED
in: 12747 -1227 -233 -620 200 2
in: 13387 -309 -331 -446 161 2
in: 13390 3653 72 -388 281 1
in: 14524 3617 -101 -382 255 1
out: 12911 6062 60 60 PILOT1-CORRECTED
out: 13432 6485 105 105 PILOT1-CORRECTED
in: 12454 -1849 -249 -528 182 2
in: 12972 -691 -352 -325 143 2
in: 13478 3187 74 -396 281 1
in: 14402 3158 -103 -390 255 1
out: 13137 5397 63 63 PILOT1-CORRECTED
out: 13783 5899 121 121 PILOT1-CORRECTED
in: 12145 -2359 -263 -433 164 2
in: 12551 -917 -357 -191 125 2
in: 13473 2715 -116 -397 281 1
in: 14373 2688 87 -403 255 1
out: 13338 4777 82 82 PILOT1-CORRECTED
out: 14087 5218 138 138 PILOT1-CORRECTED
in: 11814 -2746 -281 -328 146 2
in: 12154 -976 -337 -50 107 2
in: 13378 2241 -81 -403 285 1
in: 14434 2209 51 -406 251 1
out: 13579 4151 101 101 PILOT1-CORRECTED
out: 14253 4377 200 200 PILOT1-CORRECTED
in: 11471 -2994 -291 -210 128 2
in: 11821 -826 -282 127 89 2
in: 13332 1766 -39 -403 296 1
in: 14445 1733 9 -404 240 1
out: 13854 3456 120 120 PILOT1-CORRECTED
out: 13936 3145 200 200 PILOT1-CORRECTED
in: 11140 -3091 -281 -82 110 2
in: 11605 -510 -183 268 71 2
in: 13348 1305 13 -391 314 2
in: 14395 1275 -42 -389 222 2
out: 14083 2580 140 140 PILOT1-CORRECTED
out: 12951 2425 148 148 PILOT1-CORRECTED
in: 10855 -3033 -242 49 92 2
in: 11484 -107 -103 342 65 2
in: 13431 876 70 -364 332 2
in: 14280 853 -97 -358 204 2
